180 515511

Tencteri 52,18. 5627. 561. 59, 0. Valerius Dcnnotaurue 1363.

18. 8620. 1066. 0. Valerius Flaccus 23, 40.
’151555115115636 0. Valerius Procillus 9, ’29. 23,
T. Terrasidius 43,11, 24. 38. 2618
Teutomatus 121.37. 12626 L. Valerius Praeconinus 4637.
Teutoni 16 14 19,17. 28,10. 38, Valetiacus 122, 13

23.142,.5 Vangiones 25, 25
Tigurini 614 Tigurinus pegus Varus v Atius.

6,.5 Ρ. Vatinius 16627.
55555115515515913. 3631, Q Velanius 43,12, 20.

36. 44, 40. 47, 14-42. 48, 5- Veliocasses 28, 32. 140, 24. 150,

29. 61,14. 6633. 7635. 77, 28.

18, 30. 7611, 38 79, 20, 34. 75115511 14617.

80, 9. 81, 19, 30. 82, 21. 83, 9, Vellaunodunum 113, 1, 9. 11414.

12. 85, 36. 87,41. 8619. 91, Venetia 4415.

181068110617. 755511 40, 8. 43,13-39. 464.
Tolosa 43, 42. Tolosates 5, 3. 111, 47, 3-41. Veneticus 48, 7. 60,
11 Trebius 43,12, 24 ’ Veragri 4631, 41. 41‚10.

G. Trebonius (leq ateis) 745. 76, Verbigenus pagus 12, 38.

30. 103, 41 1047. 1166 144, Vercassivellaunus 141 814430.

1.149,42.152,25. 15626 165,145,14.146,13.

2616610 Vercingetorix 110, 8 1162-23.
671555515565555) 10611. 113, ·.36 114,14. 115,9,
7151561630, 33. 3621 4432. .l 7 3811732 39. 119,

5426,5 5’.,’,27681-35.76 ,36.120,32121,26.,122

861,.’,378618812,14. 261,2312732130

89, 14. 9620. 91, 22-42. 92, 21. 1363, .135,5-20. 136,

22-36. 93,,7 9. 9618-35. 21. 137,10,19. 1361621.

102, 22. 103, 21. 10634. 135, 14611. 1464 14637. 144,

1613. 1569. 1668, 9. 1668 13-39. 14624, 31.

Triboci 25, 25.· 5627. veromandui 2632. suls 361.
Trinobantes 751, 13 763 7511155 8611. 8626,
Tulingi3‚.l3 12,1. 13,,6 25. Vertiscns 1531 ’
anulum Cicero 7627. 7615. Verucloetius 41.

8615-31 862-19, 8612, Vesontio 162, 17.

16. 86, 7-36 87, 33-40. 88, 715555 nnis.

8. 103, 37. 105, 26. 147,.5 7151155515512439. 125, 21. 126,
Tullus 5751555155. 4131,11,33.135,20.141,.3
’1555555 4618 110, 23. 14621. Viridovix 47, 16-26. 468

165, 29. 7555155 4637. 51, 20.

755515 2615.
donnaus. 569-39. 5611. 59, Vocontii 616

24,36.94,32,41.95,8102, 75155511555151511112813535.

7, 13. Tectosages 100, 37
Unelli 466 44, 41 47, 15. 140, 0. 7515551111 Tullus 102, 18

29. (l. Volusenus 6551115555- 42, 16.
U⁸i90ti⁸0 55271'7 5627. 58,.1 59, 601653366618-312510132156
Uxellodunum 160, 29. 163,,8 15. L. Vorenus 84,18-38.

7555155 55, 22. Vosegus 55, 20.

67515115505551512638. 1363. 75155555 99, 27

 

