mnnx 17⁷

41. 111,1-41. 5111, 15. 51, novar 1, 20-40. 2, 1-54. aa
20-33. 103.18. 1084-19, -41, 4,6-41. 5,1; 20. 816
117, 2. 119, 20. 121, 35. 123, 1. -38 7,15-41. 8, 20. 81-
131,28. 133,15; 26. 13824. 17. 11,1-26. 12,4-42. 185
14211. 15834. 157, 32. 160, -37, 1814. 19, 25. 20, 5. 55,
3--21. 165,15-37. 16817. 26.101,7. 14821. Helveticae
16812. Gallia (proprie) 23, 11225. 115115615842. 8810.
12, 13. 27,10; 33. GalliaoGO, Helvii 111, 3l; 35; 36. 13834.
9. Gallia Ariovisti 16, 30. 23, 136,1. Ι
6. cisalpina 91,0. citerior 11, Hercynia silva 10835. 101, 4.
22. 26, 37. 27, 4; 21. 67,17; Hibernia 7828.
31. 1686. onnota 112, 31. om· Hispania l, 32. 581. 67,17. 72.
111127, 10. 2810. 4813. 51, 28. 77, 30. 131, 32. Hispanae
25. 59, 41. 7812. 8810. 141, 77, 23.
32; 39. 1486. 167,13. pro·
1111515830. 1814. 26, 22. 40, 1551112834. 2828 31.
l. 142, 20. 1111515157, 37. 168, Iiiyrioum 4817. 43, 4. 67,18.
8 10. tota 1, 39. 2, 28; 32. 10, Illyrii 157, 40.
6. 1831-42. 14,14; 40. 21, Indutiomarus 68, 7-40. 7819.
30. 28, 24. 69, 6. 983. 97, 5. 8812. 8814122. 90, 7-35.
102, 21. 11810. 1184. 121, 8. 91, 21. 9819.
135, 9. 13817. 165, 37. trane· Italia 5, 9. 1815. 18193824.
alpina 109, 8. 111,14. ulterior 48171 21; 29. 67, 5. 78, 42
3, 371 40. 5,11. universa 140, 91,12. 103, 36. 108, 37. 10841
38. 162, 41. 167, 40. Gallione 7. 111‚12; 31. 131,31. 13829.
1835. 15, 4. 2841. 45,1; 24. 1389. 167,19; 27. 16881819.
5821. 54,9. 681. 7214. 73, ltine portus 681.
3. 8837. 887. 11820. 131,6. Q. Iunius 77, 30. 78, 22.
Galli partim. Iuppiter 9818 19.
Garumna 1,14;26; 31. Iura mone 2,1. 820. 416.
(1511111111 51, 21.
Gaias 51,21. Q. Laberius 0111157826.
Geidumni 82,18. 2151151115 5, 8. 10, 22-37. 26,
Gonabam 10838. 1184. 1188 36. 27, 6. 31, 25. 37,19. 44,
-14, 114, 15. 116, 2. 12828. 32. 6828 32. 7815. 71, 32.
14826. 150,1. 6515551155 78121 28. 7815. 82, 4. 85,
1187. ' 243 36. 88 6-13. 981-26.
0511115828 38; 40. 92, 36. 93, 10-29. 94,1; 15.
Gergovia 110, 15. 123, 61 30. 124, 103, 39. 104, 7. 123, 5. 132, 18
13, 36. 125, 9. 12810-27, -40.13812;21.134,17-40.
127,16;42.133,14. 145, 21-39, 146, 39. 15813. -.
Germania 53, 30. 72, 40. 95, 20, 1586135. 1589. 165, 8. 168, Ι
10834. 101,11. 10818. 136, 10-17.
10. 15810. 65155115115738. 115151111ςὶ813. 1861 26.
Germani poesim. Lemannus 15511582, 4,15. 4832.

Gobannitio 11813. Lemovices 11824. 14820. 146,
Gorgobina 112, 24. 12. 165, 31.
Graeci 100, 36. 6155555 litam n. narolus 167, 33.
13, 21. 8810. 97, 20. Lepontii 55, 24.
. Graioceli 813. Luam 8818.
Grudii 82,17. Leuoi 1840.
Lexovii 44,17; 41. 47,19. 52, 9.

Harudes 14, 42. 17, 31. 25, 24. 140, 24. 12

 

