178 , 111111

Liger 43, 35. 111, 2. 1105, 24. Nammeius 4,1.

13027. 132, 5, 9, 21. 13017. Namnetes 4117. 140. 28.

15037. Nantuates 4030, 41. 42, 41. 55,
Limo 158, 18, 21, 27. 26.

Lingones 12, 22, 26. 19, 40. 55, Narbo 48, 42. 111,24, 26129.

21. 108, 35. 112,18. 13012. 165, 24.

136, 19. 152, 29. Nasus 1036.

Liseus 8, 5-29, Nemetes 25, 25. 101, 7.
Litaviccus 12416-35. 1203- Nemetocenna 165, 39. 168, 7.

40. ηαδ-111114. 131, 12, Nervii 2829. 33,1-41. 3413.

34. 13016. 306. 3042. 3814. 3018. 76,
Q. 111111118015. 27. 82.10; 16, 25. 836, 24.
Lucterius 11036. 111, 21, 33. 8111106. 8029. 9038. 91,

160. 23 223 27. lons-32. 162, 28, 35. 102, 22. 14022. 1111-

38. 164, 42. ricus 42,15.

1113111111 7035. Nitiobriges lll, 22. 121, 38. 128, ’
Luna 99, 27. 26. 14022.
Lutetia 902. 13230. lese-12. 11010ῖὸ3116·

Noricus 1311015. Norica 26, 15.
L. Mallius 48, 39. Noviodunum 1111111111 131, 27,
Mandubii 137, 21. 138, 35. 142, 39.

27. Noviodunum Biturigum 113, 28.
Mandubratius 75, 2, 7, 10. 76, 2. 114115·
011111111113111111111) 1604. Noriodnnum 3111111111 3041.

16016. Numidae 29, 31. 3037. 3025.
0. Marcellus (111111 notu) 16033.

11. Marcellus 168, 31, 35. Oceanus 1,2o; 32. 4010. 408,
Marcomani 25, 25. 35. suls. 45, 33. 55, 22-32.
0111111017. 63, 36. 10011, 40. 110, 25.
Mars 9016, 20. 14026. 16017. 16030.
Matisco 147, 6. Ocelum 5,15.

Matrona 1,14 Octodurus 4042. “
Mediomatricos 55, 26. 14022. 01111111 121, 37. .

Meldi 69, 2. Orcynia silva 10036.
1111111111133,1, 10, 33. 13415. Orgetorix l, 35. 2, 10-37. 3,1.
Menapii 28, 31. 4418. 5026. 53, tot. 12,19.

31-41. 14, 2. 11, 11. 1114, osmi 411. 1117. 141, ss.

36. 91, 29. 9228, 34, 38. 93,

2, 7. 94, 23. 103, 40. Ρ1111 76, 32.

Mercurius 98, 12. Paemani 28, 34. ¹
M. Messala l, 35. 17, 5. Parisii 92, 2. 11023. 1111131,

·⁴· 11111011 24, 2. 26, 29. 31. 14021.

Minerva 98, 16, 18. Ρ111111111 168, 40. 16018
L. Minucius Basilus 10023, 28. L. Paulus 1603.

146, 42. Q. Pedius 2022. 3024.
1111117032. · Petrucorii 14022.
Morini 28, 31. 4418. 51, 25. 60, M. Petronius 1301.

18, 39. 61, 15. 6015, 29. 76, L. Petrosidius 81, 40.

26. 14022, 37. Pictones 45, 2. 110, 23. 14020.
Moritasgus 88, 38. 15015, 31.
Mosa 55,17; 20. 5013. 5026. Pirustae 6019, 22.

58, 2. 76, 33. 104, 2. 111111 (11111 Cossium 11311111)
1.. Munatius Plancus 7030. 77, 9. 6, 14.

 

