11111 175

Q. Atina Varna 15012. Bratuspantium 3214.

Atrebates 2030. 3014. 35, 36. Britannia 2025. 3230. 4015.
6028. 85, 23. 14024. 150, 28. 44, 19. 5042. 6019. 605,
16042. 24 6010-28. 64,8,17. 66,

Q. Atrius 701, 20. 16439. 6039. 6030. 7023,

Avaricum 114, 9. 115, 1-15. 116, 30. 727, 29, 30. 76.1. 908.
8. 121, 3-41. 13029. 141111- 14035. Britanni 60, 23. 71,
1111111208. 42. 72, 5. 73, 5. 7018. Β11·

Aulerci 40, 9. 529, 11024. 150, tannicum bellum 6031.

28. Β11111111111 140, 15. Ce- 1).Β1111145,1.46,11.11211.
nomanni 14023. Eburovices 125, 32.
4019. 14024.
L. Aurunculeius Cotta 31, 24. 61, 01111111. Valerius.
14. 6033. 7035. 7018. 78, Cadurci 11023. 135, 35. 14017.
28. 7014, 19, 33. 8013. 81, 160, 26. 161, 9.
17-38. 87,41.10031.106,16. 01111111 2034.
Ausci 5021. 0. Caesar poesim. ¹
11111206. 3028. ’ L. 0111111301.
01111111. Fufius.

Bacenis 11111 9014. Caletes 28, 32. 14028. 15028.

Β111111 v. Sextius. Camulogenua 13234. 133, 27. 134,

Balbus v. Cornelius. 29, 34.

Β1111111 29, 32. Ι 0. Caninius Rebilus 144, 24. 147,

Τ. Β11111111181,13. 3. 157, 33. 158, 14-40. 160,

Baailua v. Minucius. 4-33. 161, 14-34 16214,

Batavi 5022. . 37. 1607. 164, 39.

Belgae 1, 11-28. 27, 25-40. 28, Cantabri 5015.

016. 203, 18, 19. 32, 23, 34, Cantium 7224. 701. 7028.

38. 33, 7, 22. 3012. 43, 2. 44, Carnutes 4019. 70010. 701.
34, 35. 6037. 7029. 1503. 8028, 40. 9031, 42. 9217.
16223. 16012. 904. 108, 30. 10028-37. 113,

Belgium 729. 77, 9. 16026, 39. 8. 14019. 149, 13-33. 160, 8,
167, 8. 16010. 14 19. 16225. 16025.

Beberaci 28, 18. 201. 31, 12. 32, Carvilius 75, 30.

13-31. 8019. 13018, 25. 0111117014

1402029. 1401. 1502-36. 0111111011111 721. 7017, 28.
152, 34. 153, 27. 15414-40. 75, 5-36. 76, 2.

156, 13-34. 157, 3. 162, 22. 1101111111 4,6. 0011. 011-

Bibracte 106, 10. 131, 34, 42. sianum bellum 022.

1309. 1407. 14021. 14011. 01111111 218.

Bibrax 2016. Catamantaloedea 218.

Bibroci 7014. Caturiges 013.

Bigerrionea 51, 20. 011111111176,34. 7017. 10014.

Biturigae 8, 42. 11038, 39. 111, 0111111111 137,16.

1-10. 112. 7, 2011025. 114, 011111111 8037. 9222.
101239. 117, 42. 12l,4.140, cavillonum 126, 37. 147, 5.
18. 1403. 140222036. 149, Celtae 012.

2, 12. 15226. 01101111108.

Boduognatue 36, 6. Cenimagni 7014.

Boia 114, 24. cenomanni c. Aulerci.

Boii 015. 1042. 1015, 26. 112, Centronee (Alpino) 013.

21, 37, 41. 115, 26, 31. 14025. Centronea (Belgica) 8217.
Brannorieea 1. Aulerci. · Cevenna 11031, 40. 13217.

 

