INDEX NOMINUM.

Acco 92, 7. 108, 31. 10316. Ambiorix 7334. 77,17-32. 78,
Adiatunnus 49, 25, 32. 21. 739, 41. 80, 38. 81, 19-
Admugctobrigc 15, 7. 35. 82, 6. 83312. 91,26. 92,

4111181008 10329. 10319, 24. 22-31. 934 9426. 102, 20,

Aduatuci 28, 33. 3316. 3313. 30. 103,5-25.104,4.108,4-
39, 8. 77, 34, 36. 82, 7, 9, 25. 17. 157,41. 1533, 6.

89, 29. 91. 28. 10342. Ambivureci 14315. 147, 2.

Aedui 5, 2-36. 7, 3-35. 31- 4111511811ῐί 4318. 55,17. 14328.
35. 9, 14, 21. 11,7. 1315. 14, 41181138 101, 9.

13-37. 134, 41. 17,1-30. Ancalites 75,14.

21, 28-37. 22,28-31. 24,12. Andecumboriur 27,34

231. 31,12. 32, 23-36. 69, 40118843 19. 43, 8. 11324. 158,
18, 18133, 13. 80, 3. 01, 10.

12-16. 95, 34-41. 96, 6-18, G. Antistius Reginus 935. 144,
11339, 41. 111, 2. 112,18* 241432.

36. 115, 27, 32. 122, 5-40. Μ. Antonius 1441. 14319. 157,
124, 20-27. 125, 4-35. 126, 29. 162, 21. 165, 26, 41. 166,
2--27Ι 127, 13. 12314. 129, 8-37. 167,21, 25, 30.

34. 131,8-38 131, 18, 18. Ap011098.16; 18.

134,13. 135,1-30. 137,13, 4000818310.

1814014. 141, 1, 14. 146, 3008818130. 4838. 48. 33.
32-39. 147, 6. 148, 22. 165, 4311. 50, 2. 51, 15, 18. 121,

, 13, 27. 16311, 13. Aeducci· 40. 165.17; 22.
vitus 32, 25. 6334. Aquitani 1, 11, 13. 49, 19.

Acdui Ambarri υ. Ambarri 4181 336, 42. 317. 7,40, 41.

3188110.. 11‚11. 1416. 149‚1c.

Africanum bollum 147,39. , Arduenna 81118 6314. 102, 20.

Africus (08811118) 7321. 10310. 104, 2.

Agedincum 10336. 112, 39. 132, Arecomici 0. Volccc.

29. 133, 24. 134, 41. Ariovistus 14, 38. 15, 5-37. 16,

410818 137, 20, 26, 30. 140, 9. 1-23. 17, 9-41. 18,1,41. 19,
141,7, 12. 142, 34, 40. 143, 8, 30. 20, 29-41. 21,14-41.
26. 144, 39. 15328. 161,1. 237-42. 1433013540.

Aloxcndric 147, 23. 4181811611- 2311, 13. 5318. 79, 5. 89,
num beilum 147‚39. 20. 95, 37.

Allobroges 3, 24, 26, 28. 5,17, M. Aristius 12335. 127, 2.
18,30. 7, 4, 14. 13,8,15. 22, Armoricae civitates 88, 28. 140,
30. 4331. 42, 41. 13333, 37. 27. 16318.

136, 5. G. Arpineius 77, 29. 78, 22.

Alpes 5,12. 4333. 41,22. 43, 3. Arverni 1415, 17. 23, 7. 1136.
55, 25. 111, 7-39. 112, 3, 7, 22. 123,

Ambarri (Aedui) 5, 27. 7, 4. 6. 12415. 125, 5, 9. 129, 4 135,

Ambiani 28, 30. 32, 41. 14321. 34. 136, 16. 14316, 18. 141,
15327. 19. 14332, 36, 39. 16331.-

 

